[gd_scene load_steps=8 format=2]

[ext_resource path="res://BigShip.gd" type="Script" id=1]
[ext_resource path="res://src/HealthSystem/HealthSystem.tscn" type="PackedScene" id=2]
[ext_resource path="res://src/Turret.tscn" type="PackedScene" id=3]

[sub_resource type="PrismMesh" id=1]
size = Vector3( 200, 500, 100 )

[sub_resource type="SpatialMaterial" id=3]
albedo_color = Color( 0.843137, 0.796078, 0.694118, 1 )
metallic = 0.6
roughness = 0.75

[sub_resource type="SpatialMaterial" id=4]
flags_transparent = true
albedo_color = Color( 0.694118, 0.721569, 0.843137, 0.243137 )
metallic = 0.6
roughness = 0.75

[sub_resource type="ConvexPolygonShape" id=2]
points = PoolVector3Array( -100, -250, -50, -100, -250, 50, 0, 250, -50, 100, -250, -50, 100, -250, 50, 0, 250, 50 )

[node name="BigShip" type="StaticBody" groups=["Damagable"]]
script = ExtResource( 1 )

[node name="HealthSystem" parent="." instance=ExtResource( 2 )]
MAX_SHIELD = 2000.0
MAX_HEALTH = 5000

[node name="Mesh" type="MeshInstance" parent="."]
transform = Transform( -1.07284e-07, 1, 4.37114e-08, 0, -4.37114e-08, 1, 1, 1.07284e-07, 4.68955e-15, 0, 0, 0 )
mesh = SubResource( 1 )
material/0 = SubResource( 3 )

[node name="ShieldMesh" type="MeshInstance" parent="."]
transform = Transform( -4.80825e-08, 1.1, 4.80825e-08, 0, -4.80825e-08, 1.1, 1.1, 4.80825e-08, 2.10175e-15, 0, 0, 0 )
mesh = SubResource( 1 )
material/0 = SubResource( 4 )

[node name="CollisionShape" type="CollisionShape" parent="."]
transform = Transform( -1.07284e-07, 1, 4.37114e-08, 0, -4.37114e-08, 1, 1, 1.07284e-07, 4.68955e-15, 0, 0, 0 )
shape = SubResource( 2 )

[node name="Turret" parent="." instance=ExtResource( 3 )]
transform = Transform( 0.977802, 0, -0.209533, 0, 1, 0, 0.209533, 0, 0.977802, 130.967, 0, -23.566 )

[node name="Turret3" parent="." instance=ExtResource( 3 )]
transform = Transform( 0.978807, 0, -0.204786, 0, 1, 0, 0.204786, 0, 0.978807, -33.3028, 0, -57.0297 )

[node name="Turret4" parent="." instance=ExtResource( 3 )]
transform = Transform( 0.978807, 0, -0.204786, 0, 1, 0, 0.204786, 0, 0.978807, -155.625, 0, -81.3926 )

[node name="Turret5" parent="." instance=ExtResource( 3 )]
transform = Transform( -0.950065, 0, -0.312053, 0, 1, 0, 0.312053, 0, -0.950065, -164.085, 0, 82.7064 )

[node name="Turret6" parent="." instance=ExtResource( 3 )]
transform = Transform( -0.950065, 0, -0.312053, 0, 1, 0, 0.312053, 0, -0.950065, -22.1806, 0, 56.0655 )

[node name="Turret2" parent="." instance=ExtResource( 3 )]
transform = Transform( -0.982336, 0, -0.187124, 0, 1, 0, 0.187124, 0, -0.982336, 130.967, 0, 24.1943 )

[node name="Turret7" parent="." instance=ExtResource( 3 )]
transform = Transform( -0.00408395, 0, -0.999992, 0, 1, 0, 0.999992, 0, -0.00408395, 250.262, 0, 0.200912 )

[connection signal="die" from="HealthSystem" to="." method="_on_HealthSystem_die"]
[connection signal="shield_die" from="HealthSystem" to="." method="_on_HealthSystem_shield_die"]
