[gd_scene load_steps=16 format=2]

[ext_resource path="res://ShipCamera.gd" type="Script" id=1]
[ext_resource path="res://addons/motion_blur/motion_blur.tscn" type="PackedScene" id=2]
[ext_resource path="res://DebugLevel.gd" type="Script" id=3]
[ext_resource path="res://PilotManager.gd" type="Script" id=4]
[ext_resource path="res://assets/LevelWorldEnvironment.tres" type="Environment" id=5]
[ext_resource path="res://WorldEnvironment.gd" type="Script" id=6]
[ext_resource path="res://SupportShip.tscn" type="PackedScene" id=7]
[ext_resource path="res://AttackShip.tscn" type="PackedScene" id=8]
[ext_resource path="res://CapitalShip.tscn" type="PackedScene" id=9]
[ext_resource path="res://src/PauseMenu.tscn" type="PackedScene" id=10]
[ext_resource path="res://src/AsteroidFieldTest/AsteroidField.tscn" type="PackedScene" id=11]
[ext_resource path="res://ChromaticAberrationPro.gdshader" type="Shader" id=12]
[ext_resource path="res://addons/silicon.vfx.lens_flare/lens_flare.gd" type="Script" id=13]
[ext_resource path="res://addons/silicon.vfx.lens_flare/lens_dirt_default.jpeg" type="Texture" id=14]

[sub_resource type="ShaderMaterial" id=1]
shader = ExtResource( 12 )
shader_param/intensity = 0.5

[node name="DebugLevel" type="Spatial"]
transform = Transform( 1, 0, 0, 0, 1, 0, 0, 0, 1, 0, 0, -1750.77 )
script = ExtResource( 3 )

[node name="PauseMenu" parent="." instance=ExtResource( 10 )]
layer = 15

[node name="PostProcessing" type="CanvasLayer" parent="."]

[node name="Control" type="Control" parent="PostProcessing"]
anchor_right = 1.0
anchor_bottom = 1.0

[node name="ColorRect" type="ColorRect" parent="PostProcessing/Control"]
material = SubResource( 1 )
anchor_right = 1.0
anchor_bottom = 1.0

[node name="LensFlare" type="Node" parent="."]
script = ExtResource( 13 )
flare_strength = 1.0
flare_bias = 1.05
flare_blur = 2.0
distortion_quality = 0
distortion = 2.0
ghost_count = 7
ghost_spacing = 0.3
halo_width = 0.25
streak_strength = 0.5
lens_dirt = ExtResource( 14 )

[node name="Camera" type="Camera" parent="."]
transform = Transform( 0.307423, 0, 0.951573, 0, 1, 0, -0.951573, 0, 0.307423, 0, 0, 0 )
far = 5000.0
script = ExtResource( 1 )

[node name="motion_blur" parent="Camera" instance=ExtResource( 2 )]
visible = false

[node name="PilotManager" type="Node" parent="."]
script = ExtResource( 4 )

[node name="Environment" type="Spatial" parent="."]

[node name="AsteroidField" parent="Environment" instance=ExtResource( 11 )]

[node name="Asteroids" type="Spatial" parent="Environment"]
visible = false

[node name="Asteroide" parent="Environment/Asteroids" instance=ExtResource( 2 )]
transform = Transform( 0.488834, 0, 0.872377, 0.0738027, 0.996415, -0.0413552, -0.869249, 0.0845996, 0.487082, -1947.09, -64.5744, 0 )

[node name="Asteroide2" parent="Environment/Asteroids" instance=ExtResource( 2 )]
transform = Transform( -0.161337, 0.664988, 0.72922, 0.748138, 0.564302, -0.349074, -0.64363, 0.489239, -0.588546, -2030.66, 0.462402, 103.677 )

[node name="Asteroide3" parent="Environment/Asteroids" instance=ExtResource( 2 )]
transform = Transform( -0.161337, 0.664988, 0.72922, 0.748138, 0.564302, -0.349074, -0.64363, 0.489239, -0.588546, -2030.66, 128.879, -250.502 )

[node name="Asteroide4" parent="Environment/Asteroids" instance=ExtResource( 2 )]
transform = Transform( 0.340301, -0.546066, 0.765512, 0.371643, 0.825923, 0.423949, -0.863757, 0.140227, 0.484004, 1134.3, -432.988, -5.52795 )

[node name="Asteroide5" parent="Environment/Asteroids" instance=ExtResource( 2 )]
transform = Transform( -0.566409, 0.259076, 0.782343, 0.564158, 0.813896, 0.13892, -0.600755, 0.520051, -0.607158, 1031.98, -429.751, 101.626 )

[node name="Asteroide6" parent="Environment/Asteroids" instance=ExtResource( 2 )]
transform = Transform( -1.69923, 0.777228, 2.34703, 1.69247, 2.44169, 0.416761, -1.80226, 1.56015, -1.82147, 950.332, -306.265, -244.812 )

[node name="Asteroide7" parent="Environment/Asteroids" instance=ExtResource( 2 )]
transform = Transform( 1.0209, -1.6382, 2.29653, 1.11493, 2.47777, 1.27185, -2.59127, 0.420682, 1.45201, 296.23, 215.6, -851.632 )

[node name="Asteroide8" parent="Environment/Asteroids" instance=ExtResource( 2 )]
transform = Transform( -0.801373, -0.974383, 2.72183, 0.99387, 2.55946, 1.20887, -2.71478, 1.22464, -0.360891, -1345.67, 121.499, -712.09 )

[node name="Asteroide9" parent="Environment/Asteroids" instance=ExtResource( 2 )]
transform = Transform( -0.801373, -0.974383, 2.72183, 0.99387, 2.55946, 1.20887, -2.71478, 1.22464, -0.360891, -1251.03, 208.773, -1066.15 )

[node name="Asteroide10" parent="Environment/Asteroids" instance=ExtResource( 2 )]
transform = Transform( 0.0874492, -1.67745, 2.48566, 0.93886, 2.37701, 1.5711, -2.84796, 0.732098, 0.594255, 8.63742, -157.085, 742.443 )

[node name="Asteroide11" parent="Environment/Asteroids" instance=ExtResource( 2 )]
transform = Transform( -2.65359, 1.39932, -0.0196697, 1.38331, 2.62911, 0.417426, 0.211942, 0.360156, -2.97075, -283.319, -130.569, 757.127 )

[node name="Asteroide12" parent="Environment/Asteroids" instance=ExtResource( 2 )]
transform = Transform( -0.884529, 0.466439, -0.00655684, 0.461104, 0.876369, 0.139142, 0.0706472, 0.120052, -0.990251, -647.281, 57.1254, 371.157 )

[node name="Asteroide13" parent="Environment/Asteroids" instance=ExtResource( 2 )]
transform = Transform( -4.11319, 2.84236, 0.0511441, 2.82079, 4.06948, 0.694602, 0.353236, 0.60026, -4.95125, -532.109, -324.668, -127.898 )

[node name="Asteroide14" parent="Environment/Asteroids" instance=ExtResource( 2 )]
transform = Transform( -2.04727, 0.185975, 2.18497, -0.329797, 2.92908, -0.558322, -2.16793, -0.621211, -1.97843, 260.231, 81.1223, 450.892 )

[node name="Asteroide15" parent="Environment/Asteroids" instance=ExtResource( 2 )]
transform = Transform( -2.04727, 0.185975, 2.18497, 1.24921, 2.55565, 0.952958, -1.80226, 1.56015, -1.82147, -509.83, 982.862, -559.227 )

[node name="Asteroide16" parent="Environment/Asteroids" instance=ExtResource( 2 )]
transform = Transform( -1.39638, -0.688038, 2.56451, 1.11493, 2.47777, 1.27185, -2.40978, 1.54508, -0.897596, 1486.99, 372.367, 235.518 )

[node name="Asteroide17" parent="Environment/Asteroids" instance=ExtResource( 2 )]
transform = Transform( -2.46792, 1.70542, 0.0306865, 1.69247, 2.44169, 0.416761, 0.211942, 0.360156, -2.97075, 805.191, 481.693, 757.127 )

[node name="Asteroide18" parent="Environment/Asteroids" instance=ExtResource( 2 )]
transform = Transform( -0.822639, 0.568473, 0.0102285, 0.564158, 0.813896, 0.13892, 0.0706472, 0.120052, -0.990251, 466.45, 711.807, 371.157 )

[node name="Asteroide19" parent="Environment/Asteroids" instance=ExtResource( 2 )]
transform = Transform( -4.11319, 2.84236, 0.0511441, 2.82079, 4.06948, 0.694602, 0.353236, 0.60026, -4.95125, 577.669, 327.103, -127.898 )

[node name="DirectionalLight" type="DirectionalLight" parent="."]
transform = Transform( 0.70866, 0.457789, 0.53687, -0.635008, 0.0821853, 0.768122, 0.307515, -0.885254, 0.348941, 0, 57.0278, 0 )
light_energy = 2.0
shadow_enabled = true
directional_shadow_max_distance = 200.0

[node name="DirectionalLight2" type="DirectionalLight" parent="."]
transform = Transform( 0.279008, -0.793125, -0.541394, -0.464626, 0.381903, -0.79892, 0.840403, 0.47445, -0.261952, 0, 61.3448, 0 )
light_energy = 0.4
shadow_enabled = true

[node name="WorldEnvironment" type="WorldEnvironment" parent="."]
environment = ExtResource( 5 )
script = ExtResource( 6 )

[node name="CapitalShip" parent="." instance=ExtResource( 9 )]
transform = Transform( -1, 0, -8.74228e-08, 0, 1, 0, 8.74228e-08, 0, -1, 792.743, 0, 2800.04 )

[node name="SupportShip" parent="." instance=ExtResource( 7 )]
transform = Transform( -1, 0, -8.74228e-08, 0, 1, 0, 8.74228e-08, 0, -1, 388.19, 0, 2800.04 )

[node name="AttackShip" parent="." instance=ExtResource( 8 )]
transform = Transform( -1, 0, -8.74228e-08, 0, 1, 0, 8.74228e-08, 0, -1, 0, 0, 2800.04 )

[editable path="Environment/AsteroidField"]
