[gd_scene load_steps=11 format=2]

[ext_resource path="res://ShipCamera.gd" type="Script" id=1]
[ext_resource path="res://DebugLevel.gd" type="Script" id=3]
[ext_resource path="res://PilotManager.gd" type="Script" id=4]
[ext_resource path="res://assets/LevelWorldEnvironment.tres" type="Environment" id=5]
[ext_resource path="res://WorldEnvironment.gd" type="Script" id=6]
[ext_resource path="res://SupportShip.tscn" type="PackedScene" id=7]
[ext_resource path="res://AttackShip.tscn" type="PackedScene" id=8]
[ext_resource path="res://CapitalShip.tscn" type="PackedScene" id=9]
[ext_resource path="res://src/PauseMenu.tscn" type="PackedScene" id=10]
[ext_resource path="res://src/AsteroidFieldTest/AsteroidField.tscn" type="PackedScene" id=11]

[node name="DebugLevel" type="Spatial"]
transform = Transform( 1, 0, 0, 0, 1, 0, 0, 0, 1, 0, 0, -1750.77 )
script = ExtResource( 3 )

[node name="PauseMenu" parent="." instance=ExtResource( 10 )]
layer = 15

[node name="Camera" type="Camera" parent="."]
transform = Transform( 0.307423, 0, 0.951573, 0, 1, 0, -0.951573, 0, 0.307423, 0, 0, 0 )
far = 5000.0
script = ExtResource( 1 )

[node name="PilotManager" type="Node" parent="."]
script = ExtResource( 4 )

[node name="Environment" type="Spatial" parent="."]

[node name="AsteroidField" parent="Environment" instance=ExtResource( 11 )]

[node name="DirectionalLight" type="DirectionalLight" parent="."]
transform = Transform( 0.70866, 0.457789, 0.53687, -0.635008, 0.0821853, 0.768122, 0.307515, -0.885254, 0.348941, 0, 57.0278, 0 )
light_energy = 2.0
shadow_enabled = true
directional_shadow_max_distance = 200.0

[node name="DirectionalLight2" type="DirectionalLight" parent="."]
transform = Transform( 0.279008, -0.793125, -0.541394, -0.464626, 0.381903, -0.79892, 0.840403, 0.47445, -0.261952, 0, 61.3448, 0 )
light_energy = 0.4
shadow_enabled = true

[node name="WorldEnvironment" type="WorldEnvironment" parent="."]
environment = ExtResource( 5 )
script = ExtResource( 6 )

[node name="CapitalShip" parent="." instance=ExtResource( 9 )]
transform = Transform( -1, 0, -8.74228e-08, 0, 1, 0, 8.74228e-08, 0, -1, 792.743, 0, 2800.04 )

[node name="SupportShip" parent="." instance=ExtResource( 7 )]
transform = Transform( -1, 0, -8.74228e-08, 0, 1, 0, 8.74228e-08, 0, -1, 388.19, 0, 2800.04 )

[node name="AttackShip" parent="." instance=ExtResource( 8 )]
transform = Transform( -1, 0, -8.74228e-08, 0, 1, 0, 8.74228e-08, 0, -1, 0, 0, 2800.04 )

[editable path="Environment/AsteroidField"]
