[gd_scene load_steps=28 format=2]

[ext_resource path="res://SuportShip.tscn" type="PackedScene" id=1]
[ext_resource path="res://ShipCamera.gd" type="Script" id=2]
[ext_resource path="res://src/Asteroid.tscn" type="PackedScene" id=3]
[ext_resource path="res://BigShip.tscn" type="PackedScene" id=4]
[ext_resource path="res://src/PauseMenu.tscn" type="PackedScene" id=5]
[ext_resource path="res://assets/Hdri/starfield.hdr" type="Texture" id=6]
[ext_resource path="res://assets/audio/gustav_holst_mars.ogg" type="AudioStream" id=7]
[ext_resource path="res://BGMusic.gd" type="Script" id=8]
[ext_resource path="res://assets/audio/gustav_holst_jupiter.ogg" type="AudioStream" id=9]
[ext_resource path="res://assets/audio/gustav_holst_mercury.ogg" type="AudioStream" id=10]
[ext_resource path="res://DestructionBattle.gd" type="Script" id=11]
[ext_resource path="res://assets/interface/themes/new_theme.tres" type="Theme" id=12]
[ext_resource path="res://assets/interface/Fonts/Manrope/Manrope-VariableFont_wght.ttf" type="DynamicFontData" id=13]
[ext_resource path="res://src/Troops/Player/HUD/LifeBar.tscn" type="PackedScene" id=14]
[ext_resource path="res://MatchUI.gd" type="Script" id=15]
[ext_resource path="res://SpawnHUD.tscn" type="PackedScene" id=16]
[ext_resource path="res://WorldEnvironment.gd" type="Script" id=17]
[ext_resource path="res://PilotManager.gd" type="Script" id=18]
[ext_resource path="res://addons/motion_blur/motion_blur.tscn" type="PackedScene" id=19]
[ext_resource path="res://AttackShip.tscn" type="PackedScene" id=20]

[sub_resource type="SpatialMaterial" id=5]
albedo_color = Color( 0.694118, 0.709804, 0.843137, 1 )
metallic = 0.6
roughness = 0.75

[sub_resource type="PanoramaSky" id=2]
panorama = ExtResource( 6 )

[sub_resource type="Environment" id=3]
background_mode = 2
background_sky = SubResource( 2 )
background_energy = 5.23
ambient_light_energy = 0.0
ambient_light_sky_contribution = 0.0
tonemap_mode = 4
glow_enabled = true
glow_intensity = 0.65
glow_strength = 0.89
glow_bloom = 0.79
glow_blend_mode = 1
glow_bicubic_upscale = true
adjustment_enabled = true

[sub_resource type="DynamicFont" id=4]
size = 64
font_data = ExtResource( 13 )

[sub_resource type="CubeMesh" id=6]

[sub_resource type="SpatialMaterial" id=7]
albedo_color = Color( 1, 0, 0, 1 )

[sub_resource type="SpatialMaterial" id=8]
albedo_color = Color( 0, 0.0745098, 1, 1 )

[node name="Level" type="Spatial"]
script = ExtResource( 11 )

[node name="BigShips" type="Spatial" parent="."]

[node name="CapitalShipRed" parent="BigShips" instance=ExtResource( 4 )]
transform = Transform( -4.37114e-08, 0, 1, 0, 1, 0, -1, 0, -4.37114e-08, -4000, 0, 0 )

[node name="CapitalShipBlue" parent="BigShips" instance=ExtResource( 4 )]
transform = Transform( -4.37114e-08, 0, -1, 0, 1, 0, 1, 0, -4.37114e-08, 4000, 0, 0 )
team_blue = true

[node name="Mesh" parent="BigShips/CapitalShipBlue" index="1"]
material/0 = SubResource( 5 )

[node name="CollisionShape" parent="BigShips/CapitalShipBlue" index="3"]
transform = Transform( -1, 1.50996e-07, 6.60024e-15, 0, -4.37114e-08, 1, 1.50996e-07, 1, 4.37114e-08, 0, 0, 0 )

[node name="SuportShip" parent="BigShips" instance=ExtResource( 1 )]
transform = Transform( -4.37114e-08, 0, 1, 0, 1, 0, -1, 0, -4.37114e-08, -3243.69, 0, 715.452 )

[node name="SuportShip2" parent="BigShips" instance=ExtResource( 1 )]
transform = Transform( -4.37114e-08, 0, 1, 0, 1, 0, -1, 0, -4.37114e-08, -3243.69, 0, -963.107 )

[node name="AttackShip" parent="BigShips" instance=ExtResource( 20 )]
transform = Transform( -4.37114e-08, 0, 1, 0, 1, 0, -1, 0, -4.37114e-08, -3696.04, -300.505, 1035.16 )

[node name="AttackShip2" parent="BigShips" instance=ExtResource( 20 )]
transform = Transform( -4.37114e-08, 0, 1, 0, 1, 0, -1, 0, -4.37114e-08, -3696.04, 431.208, -726.323 )

[node name="Camera" type="Camera" parent="."]
transform = Transform( -1, 0, -8.74228e-08, 0, 1, 0, 8.74228e-08, 0, -1, 0, 6, -29.6491 )
far = 7000.0
script = ExtResource( 2 )

[node name="motion_blur" parent="Camera" instance=ExtResource( 19 )]

[node name="Environment" type="Spatial" parent="."]

[node name="Asteroids" type="Spatial" parent="Environment"]

[node name="Asteroide" parent="Environment/Asteroids" instance=ExtResource( 3 )]
transform = Transform( 0.488834, 0, 0.872377, 0.0738027, 0.996415, -0.0413552, -0.869249, 0.0845996, 0.487082, -1947.09, -64.5744, 0 )

[node name="Asteroide2" parent="Environment/Asteroids" instance=ExtResource( 3 )]
transform = Transform( -0.161337, 0.664988, 0.72922, 0.748138, 0.564302, -0.349074, -0.64363, 0.489239, -0.588546, -2030.66, 0.462402, 103.677 )

[node name="Asteroide3" parent="Environment/Asteroids" instance=ExtResource( 3 )]
transform = Transform( -0.161337, 0.664988, 0.72922, 0.748138, 0.564302, -0.349074, -0.64363, 0.489239, -0.588546, -2030.66, 128.879, -250.502 )

[node name="Asteroide4" parent="Environment/Asteroids" instance=ExtResource( 3 )]
transform = Transform( 0.340301, -0.546066, 0.765512, 0.371643, 0.825923, 0.423949, -0.863757, 0.140227, 0.484004, 1134.3, -432.988, -5.52795 )

[node name="Asteroide5" parent="Environment/Asteroids" instance=ExtResource( 3 )]
transform = Transform( -0.566409, 0.259076, 0.782343, 0.564158, 0.813896, 0.13892, -0.600755, 0.520051, -0.607158, 1031.98, -429.751, 101.626 )

[node name="Asteroide6" parent="Environment/Asteroids" instance=ExtResource( 3 )]
transform = Transform( -1.69923, 0.777228, 2.34703, 1.69247, 2.44169, 0.416761, -1.80226, 1.56015, -1.82147, 950.332, -306.265, -244.812 )

[node name="Asteroide7" parent="Environment/Asteroids" instance=ExtResource( 3 )]
transform = Transform( 1.0209, -1.6382, 2.29653, 1.11493, 2.47777, 1.27185, -2.59127, 0.420682, 1.45201, 296.23, 215.6, -851.632 )

[node name="Asteroide8" parent="Environment/Asteroids" instance=ExtResource( 3 )]
transform = Transform( -0.801373, -0.974383, 2.72183, 0.99387, 2.55946, 1.20887, -2.71478, 1.22464, -0.360891, -1345.67, 121.499, -712.09 )

[node name="Asteroide9" parent="Environment/Asteroids" instance=ExtResource( 3 )]
transform = Transform( -0.801373, -0.974383, 2.72183, 0.99387, 2.55946, 1.20887, -2.71478, 1.22464, -0.360891, -1251.03, 208.773, -1066.15 )

[node name="Asteroide10" parent="Environment/Asteroids" instance=ExtResource( 3 )]
transform = Transform( 0.0874492, -1.67745, 2.48566, 0.93886, 2.37701, 1.5711, -2.84796, 0.732098, 0.594255, 8.63742, -157.085, 742.443 )

[node name="Asteroide11" parent="Environment/Asteroids" instance=ExtResource( 3 )]
transform = Transform( -2.65359, 1.39932, -0.0196697, 1.38331, 2.62911, 0.417426, 0.211942, 0.360156, -2.97075, -283.319, -130.569, 757.127 )

[node name="Asteroide12" parent="Environment/Asteroids" instance=ExtResource( 3 )]
transform = Transform( -0.884529, 0.466439, -0.00655684, 0.461104, 0.876369, 0.139142, 0.0706472, 0.120052, -0.990251, -647.281, 57.1254, 371.157 )

[node name="Asteroide13" parent="Environment/Asteroids" instance=ExtResource( 3 )]
transform = Transform( -4.11319, 2.84236, 0.0511441, 2.82079, 4.06948, 0.694602, 0.353236, 0.60026, -4.95125, -532.109, -324.668, -127.898 )

[node name="Asteroide14" parent="Environment/Asteroids" instance=ExtResource( 3 )]
transform = Transform( -2.04727, 0.185975, 2.18497, -0.329797, 2.92908, -0.558322, -2.16793, -0.621211, -1.97843, 260.231, 81.1223, 450.892 )

[node name="Asteroide15" parent="Environment/Asteroids" instance=ExtResource( 3 )]
transform = Transform( -2.04727, 0.185975, 2.18497, 1.24921, 2.55565, 0.952958, -1.80226, 1.56015, -1.82147, -509.83, 982.862, -559.227 )

[node name="Asteroide16" parent="Environment/Asteroids" instance=ExtResource( 3 )]
transform = Transform( -1.39638, -0.688038, 2.56451, 1.11493, 2.47777, 1.27185, -2.40978, 1.54508, -0.897596, 1486.99, 372.367, 235.518 )

[node name="Asteroide17" parent="Environment/Asteroids" instance=ExtResource( 3 )]
transform = Transform( -2.46792, 1.70542, 0.0306865, 1.69247, 2.44169, 0.416761, 0.211942, 0.360156, -2.97075, 805.191, 481.693, 757.127 )

[node name="Asteroide18" parent="Environment/Asteroids" instance=ExtResource( 3 )]
transform = Transform( -0.822639, 0.568473, 0.0102285, 0.564158, 0.813896, 0.13892, 0.0706472, 0.120052, -0.990251, 466.45, 711.807, 371.157 )

[node name="Asteroide19" parent="Environment/Asteroids" instance=ExtResource( 3 )]
transform = Transform( -4.11319, 2.84236, 0.0511441, 2.82079, 4.06948, 0.694602, 0.353236, 0.60026, -4.95125, 577.669, 327.103, -127.898 )

[node name="PauseMenu" parent="." instance=ExtResource( 5 )]
layer = 9

[node name="DirectionalLight" type="DirectionalLight" parent="."]
transform = Transform( 0.70866, 0.457789, 0.53687, -0.635008, 0.0821853, 0.768122, 0.307515, -0.885254, 0.348941, 0, 57.0278, 0 )
light_energy = 2.0
shadow_enabled = true
directional_shadow_max_distance = 200.0

[node name="DirectionalLight2" type="DirectionalLight" parent="."]
transform = Transform( 0.279008, -0.793125, -0.541394, -0.464626, 0.381903, -0.79892, 0.840403, 0.47445, -0.261952, 0, 61.3448, 0 )
light_energy = 0.4
shadow_enabled = true

[node name="BGMusic" type="AudioStreamPlayer" parent="."]
bus = "Music"
script = ExtResource( 8 )
audio_sfx1 = ExtResource( 10 )
audio_sfx2 = ExtResource( 7 )
audio_sfx3 = ExtResource( 9 )

[node name="WorldEnvironment" type="WorldEnvironment" parent="."]
environment = SubResource( 3 )
script = ExtResource( 17 )

[node name="Results" type="CanvasLayer" parent="."]
layer = 7

[node name="Control" type="Control" parent="Results"]
visible = false
anchor_right = 1.0
anchor_bottom = 1.0
theme = ExtResource( 12 )

[node name="ColorRect" type="ColorRect" parent="Results/Control"]
anchor_right = 1.0
anchor_bottom = 1.0
color = Color( 0.223529, 0.223529, 0.223529, 0.333333 )

[node name="RichTextLabel" type="Label" parent="Results/Control"]
visible = false
modulate = Color( 0.701961, 0.701961, 1, 1 )
anchor_left = 0.5
anchor_top = 0.5
anchor_right = 0.5
anchor_bottom = 0.5
margin_left = -253.0
margin_top = -325.0
margin_right = 253.0
margin_bottom = -152.0
custom_fonts/font = SubResource( 4 )
text = "VICTORY"
align = 1
valign = 1

[node name="RichTextLabel2" type="Label" parent="Results/Control"]
visible = false
modulate = Color( 1, 0.701961, 0.701961, 1 )
anchor_left = 0.5
anchor_top = 0.5
anchor_right = 0.5
anchor_bottom = 0.5
margin_left = -253.0
margin_top = -325.0
margin_right = 253.0
margin_bottom = -152.0
custom_fonts/font = SubResource( 4 )
text = "DEFEAT"
align = 1
valign = 1

[node name="MatchUI" type="CanvasLayer" parent="."]
layer = 4
script = ExtResource( 15 )
blue_ship = NodePath("../BigShips/CapitalShipBlue")
red_ship = NodePath("../BigShips/CapitalShipRed")

[node name="Control" type="Control" parent="MatchUI"]
anchor_left = 0.5
anchor_right = 0.5
margin_left = -276.0
margin_top = 82.0
margin_right = 276.0
margin_bottom = 180.0

[node name="LifeBarRedShield" parent="MatchUI/Control" instance=ExtResource( 14 )]
anchor_top = 1.0
anchor_bottom = 1.0
margin_top = -20.0
margin_bottom = 0.0
value = 50.0
tint_progress = Color( 0.682353, 0.866667, 1, 0.588235 )

[node name="LifeBarRed" parent="MatchUI/Control/LifeBarRedShield" instance=ExtResource( 14 )]
anchor_left = 0.5
anchor_top = 0.5
anchor_right = 0.5
anchor_bottom = 0.5
margin_left = -58.5
margin_top = -6.0
margin_right = 58.5
margin_bottom = 6.0
tint_progress = Color( 1, 0, 0, 1 )
nine_patch_stretch = true

[node name="LifeBarBlueShield" parent="MatchUI/Control" instance=ExtResource( 14 )]
anchor_left = 1.0
anchor_top = 1.0
anchor_right = 1.0
anchor_bottom = 1.0
margin_left = -125.0
margin_top = -20.0
margin_right = 0.0
margin_bottom = 0.0
tint_progress = Color( 0.682353, 0.866667, 1, 0.588235 )

[node name="LifeBarBlue" parent="MatchUI/Control/LifeBarBlueShield" instance=ExtResource( 14 )]
anchor_left = 0.5
anchor_top = 0.5
anchor_right = 0.5
anchor_bottom = 0.5
margin_left = -58.5
margin_top = -6.0
margin_right = 58.5
margin_bottom = 6.0
tint_progress = Color( 1, 0, 0, 1 )
nine_patch_stretch = true

[node name="Label" type="Label" parent="MatchUI/Control"]
margin_right = 40.0
margin_bottom = 14.0
text = "RED:"

[node name="Label2" type="Label" parent="MatchUI/Control"]
anchor_left = 1.0
anchor_right = 1.0
margin_left = -40.0
margin_bottom = 14.0
text = "BLUE:"

[node name="SpawnHUD" parent="." instance=ExtResource( 16 )]
layer = 3

[node name="WaittingCam" type="Camera" parent="."]
transform = Transform( 0.9773, -0.173311, 0.121853, 0.10284, 0.890927, 0.442349, -0.185226, -0.419776, 0.888526, 1153.7, 1851.18, 3192.59 )
current = true
far = 7000.0

[node name="Ships" type="Spatial" parent="."]

[node name="PilotManagers" type="Node" parent="."]

[node name="PlayerManager" type="Node" parent="PilotManagers"]
script = ExtResource( 18 )

[node name="MiddlePoint" type="Position3D" parent="."]

[node name="MeshInstance" type="MeshInstance" parent="MiddlePoint"]
transform = Transform( 7.13262, 0, 0, 0, 0.3, 0, 0, 0, 3000, -21.9825, 0.0344696, 0.0334425 )
mesh = SubResource( 6 )
material/0 = SubResource( 7 )

[node name="MeshInstance2" type="MeshInstance" parent="MiddlePoint"]
transform = Transform( 5.19245, 0, 0, 0, 0.3, 0, 0, 0, 3000, 2.29866, 0, 0 )
mesh = SubResource( 6 )
material/0 = SubResource( 8 )

[connection signal="destroyed" from="BigShips/CapitalShipRed" to="." method="_on_BigShip_destroyed"]
[connection signal="destroyed" from="BigShips/CapitalShipBlue" to="." method="_on_BigShip_destroyed"]
[connection signal="finished" from="BGMusic" to="BGMusic" method="_on_BGMusic_finished"]
[connection signal="respawn" from="SpawnHUD" to="." method="_on_SpawnHUD_respawn"]
[connection signal="respawn" from="SpawnHUD" to="." method="respawn_player"]

[editable path="BigShips/CapitalShipBlue"]
