[gd_scene load_steps=14 format=2]

[ext_resource path="res://Ship.tscn" type="PackedScene" id=1]
[ext_resource path="res://ShipCamera.gd" type="Script" id=2]
[ext_resource path="res://src/Asteroid.tscn" type="PackedScene" id=3]
[ext_resource path="res://BigShip.tscn" type="PackedScene" id=4]
[ext_resource path="res://src/PauseMenu.tscn" type="PackedScene" id=5]
[ext_resource path="res://assets/Hdri/starfield.hdr" type="Texture" id=6]
[ext_resource path="res://assets/audio/gustav_holst_mars.ogg" type="AudioStream" id=7]
[ext_resource path="res://BGMusic.gd" type="Script" id=8]
[ext_resource path="res://assets/audio/gustav_holst_jupiter.ogg" type="AudioStream" id=9]
[ext_resource path="res://assets/audio/gustav_holst_mercury.ogg" type="AudioStream" id=10]

[sub_resource type="PrismMesh" id=1]
size = Vector3( 50, 50, 50 )

[sub_resource type="PanoramaSky" id=2]
panorama = ExtResource( 6 )

[sub_resource type="Environment" id=3]
background_mode = 2
background_sky = SubResource( 2 )
background_energy = 0.7
ambient_light_energy = 0.0
ambient_light_sky_contribution = 0.0
tonemap_mode = 4
glow_enabled = true
glow_intensity = 0.65
glow_strength = 0.89
glow_bloom = 0.79
glow_blend_mode = 1
glow_bicubic_upscale = true

[node name="Level" type="Spatial"]

[node name="BigShip" parent="." instance=ExtResource( 4 )]
transform = Transform( 1, 0, 0, 0, 1, 0, 0, 0, 1, -2441.38, 0, 0 )

[node name="Ship" parent="." instance=ExtResource( 1 )]

[node name="Camera" type="Camera" parent="."]
transform = Transform( -1, 0, -8.74228e-08, 0, 1, 0, 8.74228e-08, 0, -1, 0, 6, -29.6491 )
current = true
far = 3000.0
script = ExtResource( 2 )
tp_target_path = NodePath("../Ship/CameraPosition")
fp_target_path = NodePath("../Ship/FPCameraPosition")

[node name="CSGPolygon" type="CSGPolygon" parent="."]
transform = Transform( 1, 0, 0, 0, 1, 0, 0, 0, 1, -184.06, 11, 0 )
polygon = PoolVector2Array( 0, 0, -89.9197, -13.0923, 1.80953, 1.75324, 1, 0 )

[node name="MeshInstance" type="MeshInstance" parent="."]
transform = Transform( 1, 0, 0, 0, 1, 0, 0, 0, 1, 23, 0, 354.733 )
mesh = SubResource( 1 )
material/0 = null

[node name="Asteroide" parent="." instance=ExtResource( 3 )]
transform = Transform( 0.488834, 0, 0.872377, 0.0738027, 0.996415, -0.0413552, -0.869249, 0.0845996, 0.487082, -1947.09, -64.5744, 0 )

[node name="Asteroide2" parent="." instance=ExtResource( 3 )]
transform = Transform( -0.161337, 0.664988, 0.72922, 0.748138, 0.564302, -0.349074, -0.64363, 0.489239, -0.588546, -2030.66, 0.462402, 103.677 )

[node name="Asteroide3" parent="." instance=ExtResource( 3 )]
transform = Transform( -0.161337, 0.664988, 0.72922, 0.748138, 0.564302, -0.349074, -0.64363, 0.489239, -0.588546, -2030.66, 128.879, -250.502 )

[node name="PauseMenu" parent="." instance=ExtResource( 5 )]

[node name="DirectionalLight" type="DirectionalLight" parent="."]
transform = Transform( 0.70866, 0.457789, 0.53687, -0.635008, 0.0821853, 0.768122, 0.307515, -0.885254, 0.348941, 0, 57.0278, 0 )
light_energy = 2.0
shadow_enabled = true
directional_shadow_max_distance = 200.0

[node name="DirectionalLight2" type="DirectionalLight" parent="."]
transform = Transform( 0.279008, -0.793125, -0.541394, -0.464626, 0.381903, -0.79892, 0.840403, 0.47445, -0.261952, 0, 61.3448, 0 )
light_energy = 0.15
shadow_enabled = true

[node name="BGMusic" type="AudioStreamPlayer" parent="."]
bus = "Music"
script = ExtResource( 8 )
audio_sfx1 = ExtResource( 10 )
audio_sfx2 = ExtResource( 7 )
audio_sfx3 = ExtResource( 9 )

[node name="WorldEnvironment" type="WorldEnvironment" parent="."]
environment = SubResource( 3 )

[connection signal="finished" from="BGMusic" to="BGMusic" method="_on_BGMusic_finished"]

[editable path="Ship"]
